removed_sources:
  Test-MinimumVersion-0.101080.tar.gz: 91b46ad4dd3be2962493549f9f9e7a4c311a4cea
  Test-MinimumVersion-0.101081.tar.gz: 5b36dcea79e35d3a827fb6cde115de43e8f7b918
sources:
  Test-MinimumVersion-0.101082.tar.gz: 873c111954779bcc70d3dbb626a83cc2b3e71519
